(title "X Velocity")
(labels "Position" "X Velocity")

((xy/key/label "line")
0.0499969	0
0.0499869	0.000200185
0.0499749	0.000640522
0.0499605	0.00116881
0.0499433	0.0018026
0.0499225	0.00256291
0.0498977	0.00347495
0.0498678	0.00456892
0.049832	0.00588096
0.049789	0.00745436
0.0497374	0.00934086
0.0496755	0.0116021
0.0496012	0.0143102
0.049512	0.0175449
0.049405	0.0213877
0.0492766	0.0259114
0.0491226	0.031165
0.0489377	0.0371482
0.0487159	0.0437803
0.0484496	0.0511184
0.0481302	0.0588903
0.0477468	0.0663128
0.0472868	0.0730481
0.0467348	0.0789115
0.0460723	0.0838927
0.0452774	0.0880999
0.0443235	0.0916757
0.0431788	0.0947571
0.0418052	0.0975289
0.041355	0.0981637
0.0372442	0.103909
0.0366539	0.104688
0.0351028	0.106137
0.0287007	0.111973
0.0265418	0.113475
0.0187323	0.117481
0.0186365	0.117518
0.018465	0.117563
0.0111777	0.119215
0.00462768	0.119929
0.00285205	0.120046
0.0002566	0.11998
-0.00650147	0.11969
-0.011099	0.119028
-0.0168219	0.117819
-0.0222978	0.115722
-0.0250498	0.114369
-0.0314122	0.110057
-0.0319228	0.109691
-0.0321951	0.10942
-0.0374996	0.103786
-0.0418078	0.0975706
-0.0431815	0.0947747
-0.0443262	0.091669
-0.0452802	0.0880783
-0.0460752	0.0838654
-0.0467376	0.078885
-0.0472897	0.0730279
-0.0477497	0.0663041
-0.0481331	0.0588971
-0.0484526	0.0511432
-0.0487188	0.0437349
-0.0489407	0.0371082
-0.0491256	0.0311306
-0.0492796	0.0258823
-0.049408	0.0213634
-0.049515	0.0175248
-0.0496042	0.0142937
-0.0496785	0.0115887
-0.0497404	0.00933008
-0.049792	0.00744574
-0.049835	0.00587415
-0.0498708	0.00456362
-0.0499007	0.00347092
-0.0499256	0.00255993
-0.0499463	0.0018005
-0.0499636	0.00116745
-0.049978	0.000639775
-0.04999	0.000199952
-0.05	0