(title "Velocity Magnitude")
(labels "Position" "Velocity Magnitude")

((xy/key/label "first")
0.0499365	0
0.0492758	0.203394
0.0484934	0.44295
0.0475694	0.617877
0.0464818	0.731813
0.0452066	0.815287
0.0427934	0.897346
0.0407007	0.968933
0.0380913	1.0178
0.0348417	1.07449
0.0287691	1.1397
0.0279847	1.14675
0.0237776	1.17275
0.0185554	1.20403
0.0175868	1.20789
0.00666889	1.2393
0.00621414	1.23979
-0.00422781	1.24239
-0.00500696	1.24096
-0.0142747	1.21681
-0.0208716	1.19206
-0.0226154	1.1843
-0.0241768	1.17359
-0.0295039	1.13329
-0.0347321	1.07791
-0.035374	1.07015
-0.0364157	1.05033
-0.0408261	0.966273
-0.0431045	0.8904
-0.0452067	0.816305
-0.0464819	0.732306
-0.0475695	0.618006
-0.0484935	0.44281
-0.0492759	0.203253
-0.0499366	0
