(title "X Velocity")
(labels "Position" "X Velocity")

((xy/key/label "line")
0.0499969	0
0.0499869	0.000201933
0.0499749	0.000646108
0.0499605	0.00117899
0.0499433	0.00181825
0.0499225	0.00258509
0.0498977	0.00350491
0.0498678	0.00460811
0.049832	0.00593111
0.049789	0.00751742
0.0497374	0.00941901
0.0496755	0.0116976
0.0496012	0.014426
0.049512	0.0176884
0.049405	0.0215787
0.0492766	0.0261925
0.0491226	0.0316054
0.0489377	0.0378265
0.0487159	0.0447231
0.0484496	0.0521919
0.0481302	0.0597044
0.0477468	0.0663988
0.0472868	0.0721224
0.0467348	0.0769922
0.0460723	0.0812297
0.0452774	0.0850466
0.0443235	0.0886064
0.0431788	0.0920235
0.0418052	0.095353
0.041355	0.0961057
0.0372442	0.102918
0.0366539	0.10384
0.0351028	0.105547
0.0287007	0.112404
0.0265418	0.11425
0.0187323	0.119568
0.0186365	0.119619
0.018465	0.119691
0.0111777	0.122349
0.00462768	0.123788
0.00285205	0.124027
0.0002566	0.123903
-0.00650147	0.12331
-0.011099	0.122171
-0.0168219	0.120174
-0.0222978	0.117254
-0.0250498	0.115465
-0.0314122	0.11023
-0.0319228	0.109784
-0.0321951	0.109467
-0.0374996	0.102873
-0.0418078	0.0954318
-0.0431815	0.0921077
-0.0443262	0.0887006
-0.0452802	0.085151
-0.0460752	0.0813455
-0.0467376	0.0771218
-0.0472897	0.0722684
-0.0477497	0.0665634
-0.0481331	0.0598874
-0.0484526	0.0523889
-0.0487188	0.044837
-0.0489407	0.0379265
-0.0491256	0.0316905
-0.0492796	0.0262635
-0.049408	0.0216374
-0.049515	0.0177365
-0.0496042	0.0144652
-0.0496785	0.0117293
-0.0497404	0.00944455
-0.049792	0.00753779
-0.049835	0.00594716
-0.0498708	0.00462058
-0.0499007	0.00351439
-0.0499256	0.00259208
-0.0499463	0.00182317
-0.0499636	0.00118217
-0.049978	0.000647853
-0.04999	0.000202478
-0.05	0
