(title "X Velocity")
(labels "Position" "X Velocity")

((xy/key/label "line-5")
0.0499969	0
0.0479971	0.0552718
0.0457972	0.0838223
0.0433774	0.0934379
0.043217	0.0937379
0.0388353	0.102437
0.0375853	0.103896
0.0331619	0.107772
0.0288765	0.111471
0.0269875	0.112498
0.0187323	0.115748
0.0186365	0.115776
0.018465	0.11581
0.0111777	0.117072
0.00462768	0.117653
0.00285205	0.117751
0.0002566	0.117709
-0.00650147	0.117503
-0.011099	0.117019
-0.0168219	0.116134
-0.0222978	0.114627
-0.0250285	0.113667
-0.0302779	0.11088
-0.0319209	0.109959
-0.0330478	0.108857
-0.0384771	0.103002
-0.04338	0.0936795
-0.0458	0.0841151
-0.048	0.0555268
-0.05	0
