(title "X Velocity")
(labels "Position" "X Velocity")

((xy/key/label "line")
0.0499969	0
0.0499869	0.000398051
0.0499749	0.00127359
0.0499605	0.00232393
0.0499433	0.00358387
0.0499225	0.00509513
0.0498977	0.00690767
0.0498678	0.00908134
0.049832	0.0116878
0.049789	0.0148129
0.0497374	0.0185593
0.0496755	0.0230496
0.0496012	0.0284306
0.049512	0.0348772
0.049405	0.0425982
0.0492766	0.0518423
0.0491226	0.0629052
0.0489377	0.0761376
0.0487159	0.0919552
0.0484496	0.111606
0.0481302	0.136249
0.0477468	0.165605
0.0472868	0.20052
0.0467348	0.241971
0.0460723	0.291068
0.0452774	0.349059
0.0443235	0.417315
0.0431788	0.497305
0.0418052	0.590874
0.041355	0.618504
0.0372442	0.868449
0.0366539	0.902358
0.0351028	0.982714
0.0287007	1.30159
0.0265418	1.3983
0.0187323	1.69387
0.0186365	1.69678
0.018465	1.70098
0.0111777	1.85693
0.00462768	1.94179
0.00285205	1.95583
0.0002566	1.94823
-0.00650147	1.91259
-0.011099	1.84491
-0.0168219	1.72683
-0.0222978	1.55917
-0.0250498	1.45873
-0.0314122	1.18595
-0.0319228	1.16258
-0.0321951	1.14847
-0.0374996	0.854789
-0.0418078	0.590201
-0.0431815	0.496935
-0.0443262	0.417066
-0.0452802	0.3489
-0.0460752	0.290981
-0.0467376	0.241941
-0.0472897	0.200538
-0.0477497	0.165662
-0.0481331	0.13634
-0.0484526	0.111724
-0.0487188	0.0918614
-0.0489407	0.0760599
-0.0491256	0.062841
-0.0492796	0.0517895
-0.049408	0.0425549
-0.049515	0.0348418
-0.0496042	0.0284018
-0.0496785	0.0230264
-0.0497404	0.0185406
-0.049792	0.0147981
-0.049835	0.0116761
-0.0498708	0.00907227
-0.0499007	0.00690078
-0.0499256	0.00509006
-0.0499463	0.00358031
-0.0499636	0.00232162
-0.049978	0.00127233
-0.04999	0.000397656
-0.05	0

