(title "Wall Shear Stress")
(labels "Position" "Wall Shear Stress")

((xy/key/label "first")
0.0499365	0.00401981
0.0492758	0
0.0484934	0
0.0475694	0
0.0464818	0
0.0452066	0
0.0427934	0
0.0407007	0
0.0380913	0
0.0348417	0
0.0287691	0
0.0279847	0
0.0237776	0
0.0185554	0
0.0175868	0
0.00666889	0
0.00621414	0
-0.00422781	0
-0.00500696	0
-0.0142747	0
-0.0208716	0
-0.0226154	0
-0.0241768	0
-0.0295039	0
-0.0347321	0
-0.035374	0
-0.0364157	0
-0.0408261	0
-0.0431045	0
-0.0452067	0
-0.0464819	0
-0.0475695	0
-0.0484935	0
-0.0492759	0
-0.0499366	0.00401632

