(title "Dynamic Pressure")
(labels "Position" "Dynamic Pressure")

((xy/key/label "outlet")
0	0.928725
0.00134902	0.927679
0.00266459	0.924759
0.00394756	0.92022
0.00519872	0.9142
0.00641887	0.906837
0.00760878	0.89826
0.00876919	0.888595
0.00990084	0.877954
0.0110044	0.866445
0.0120807	0.854166
0.0131302	0.84121
0.0141538	0.82766
0.015152	0.813595
0.0161254	0.799086
0.0170747	0.784198
0.0180005	0.768991
0.0189033	0.75352
0.0197837	0.737833
0.0206424	0.721977
0.0214797	0.705992
0.0222963	0.689915
0.0230926	0.67378
0.0238692	0.657615
0.0246266	0.64145
0.0253652	0.625307
0.0260854	0.609209
0.0267879	0.593176
0.0274729	0.577224
0.0281409	0.561371
0.0287924	0.545629
0.0294277	0.530012
0.0300472	0.514532
0.0306515	0.499197
0.0312407	0.484018
0.0318153	0.469003
0.0323757	0.454159
0.0329222	0.439493
0.0334552	0.425012
0.0339749	0.410721
0.0344818	0.396626
0.0349761	0.382732
0.0354581	0.369043
0.0359282	0.355564
0.0363866	0.342299
0.0368337	0.329252
0.0372697	0.316428
0.0376949	0.30383
0.0381095	0.291461
0.0385139	0.279326
0.0389082	0.267427
0.0392928	0.255769
0.0396678	0.244355
0.0400336	0.233187
0.0403903	0.22227
0.0407381	0.211606
0.0410773	0.201199
0.0414081	0.191051
0.0417307	0.181165
0.0420453	0.171544
0.0423521	0.162191
0.0426513	0.153107
0.0429431	0.144294
0.0432277	0.135755
0.0435052	0.127492
0.0437758	0.119505
0.0440397	0.111795
0.0442971	0.104364
0.0445481	0.0972127
0.0447929	0.0903402
0.0450316	0.0837469
0.0452644	0.0774321
0.0454914	0.0713951
0.0457128	0.0656345
0.0459287	0.0601489
0.0461392	0.0549361
0.0463445	0.0499938
0.0465448	0.0453192
0.0467401	0.0409091
0.0469305	0.0367599
0.0471162	0.0328677
0.0472973	0.0292282
0.047474	0.0258366
0.0476462	0.0226879
0.0478142	0.0197767
0.047978	0.0170972
0.0481377	0.0146434
0.0482935	0.0124088
0.0484455	0.010387
0.0485936	0.00857085
0.0487381	0.00695337
0.048879	0.00552718
0.0490164	0.00428474
0.0491505	0.00321834
0.0492812	0.00232016
0.0494086	0.00158225
0.0495329	0.000996564
0.0496541	0.000555018
0.0497723	0.000249486
0.0498876	7.18384e-05
0.05	1.43247e-05
)

((xy/key/label "wall")
0.05	1.43247e-05
0.05	1.43261e-05
0.05	1.43261e-05
0.05	1.43266e-05
0.05	1.43272e-05
0.05	1.43274e-05
0.05	1.43278e-05
0.05	1.43278e-05
0.05	1.43281e-05
0.05	1.43281e-05
0.05	1.43283e-05
0.05	1.43282e-05
0.05	1.43284e-05
0.05	1.43283e-05
0.05	1.43284e-05
0.05	1.43284e-05
0.05	1.43284e-05
0.05	1.43284e-05
0.05	1.43284e-05
0.05	1.43284e-05
0.05	1.43284e-05
0.05	1.43284e-05
0.05	1.43284e-05
0.05	1.43284e-05
0.05	1.43284e-05
0.05	1.43284e-05
0.05	1.43284e-05
0.05	1.43284e-05
0.05	1.43284e-05
0.05	1.43284e-05
0.05	1.43284e-05
0.05	1.43284e-05
0.05	1.43284e-05
0.05	1.43284e-05
0.05	1.43284e-05
0.05	1.43284e-05
0.05	1.43284e-05
0.05	1.43284e-05
0.05	1.43284e-05
0.05	1.43284e-05
0.05	1.43284e-05
0.05	1.43284e-05
0.05	1.43284e-05
0.05	1.43284e-05
0.05	1.43284e-05
0.05	1.43284e-05
0.05	1.43284e-05
0.05	1.43284e-05
0.05	1.43284e-05
0.05	1.43284e-05
0.05	1.43284e-05
0.05	1.43284e-05
0.05	1.43284e-05
0.05	1.43284e-05
0.05	1.43284e-05
0.05	1.43284e-05
0.05	1.43284e-05
0.05	1.43284e-05
0.05	1.43284e-05
0.05	1.43284e-05
0.05	1.43284e-05
0.05	1.43284e-05
0.05	1.43284e-05
0.05	1.43284e-05
0.05	1.43284e-05
0.05	1.43284e-05
0.05	1.43284e-05
0.05	1.43284e-05
0.05	1.43284e-05
0.05	1.43284e-05
0.05	1.43284e-05
0.05	1.43284e-05
0.05	1.43284e-05
0.05	1.43284e-05
0.05	1.43284e-05
0.05	1.43284e-05
0.05	1.43284e-05
0.05	1.43284e-05
0.05	1.43284e-05
0.05	1.43284e-05
0.05	1.43284e-05
0.05	1.43284e-05
0.05	1.43284e-05
0.05	1.43284e-05
0.05	1.43284e-05
0.05	1.43284e-05
0.05	1.43284e-05
0.05	1.43284e-05
0.05	1.43284e-05
0.05	1.43284e-05
0.05	1.43284e-05
0.05	1.43284e-05
0.05	1.43284e-05
0.05	1.43284e-05
0.05	1.43284e-05
0.05	1.43284e-05
0.05	1.43284e-05
0.05	1.43284e-05
0.05	1.43284e-05
0.05	1.43284e-05
0.05	1.43284e-05
0.05	1.43284e-05
0.05	1.43284e-05
0.05	1.43284e-05
0.05	1.43284e-05
0.05	1.43284e-05
0.05	1.43284e-05
0.05	1.43284e-05
0.05	1.43284e-05
0.05	1.43284e-05
0.05	1.43284e-05
0.05	1.43284e-05
0.05	1.43284e-05
0.05	1.43284e-05
0.05	1.43284e-05
0.05	1.43284e-05
0.05	1.43284e-05
0.05	1.43284e-05
0.05	1.43284e-05
0.05	1.43284e-05
0.05	1.43284e-05
0.05	1.43284e-05
0.05	1.43284e-05
0.05	1.43284e-05
0.05	1.43284e-05
0.05	1.43284e-05
0.05	1.43284e-05
0.05	1.43284e-05
0.05	1.43284e-05
0.05	1.43284e-05
0.05	1.43284e-05
0.05	1.43284e-05
0.05	1.43284e-05
0.05	1.43284e-05
0.05	1.43284e-05
0.05	1.43284e-05
0.05	1.43284e-05
0.05	1.43284e-05
0.05	1.43284e-05
0.05	1.43284e-05
0.05	1.43284e-05
0.05	1.43284e-05
0.05	1.43284e-05
0.05	1.43284e-05
0.05	1.43284e-05
0.05	1.43284e-05
0.05	1.43284e-05
0.05	1.43284e-05
0.05	1.43284e-05
0.05	1.43284e-05
0.05	1.43284e-05
0.05	1.43284e-05
0.05	1.43284e-05
0.05	1.43284e-05
0.05	1.43284e-05
0.05	1.43284e-05
0.05	1.43284e-05
0.05	1.43284e-05
0.05	1.43284e-05
0.05	1.43284e-05
0.05	1.43284e-05
0.05	1.43284e-05
0.05	1.43284e-05
0.05	1.43284e-05
0.05	1.43284e-05
0.05	1.43284e-05
0.05	1.43284e-05
0.05	1.43284e-05
0.05	1.43284e-05
0.05	1.43284e-05
0.05	1.43284e-05
0.05	1.43284e-05
0.05	1.43284e-05
0.05	1.43284e-05
0.05	1.43284e-05
0.05	1.43284e-05
0.05	1.43284e-05
0.05	1.43284e-05
0.05	1.43284e-05
0.05	1.43284e-05
0.05	1.43284e-05
0.05	1.43284e-05
0.05	1.43284e-05
0.05	1.43284e-05
0.05	1.43284e-05
0.05	1.43284e-05
0.05	1.43284e-05
0.05	1.43284e-05
0.05	1.43284e-05
0.05	1.43284e-05
0.05	1.43284e-05
0.05	1.43284e-05
0.05	1.43284e-05
0.05	1.43284e-05
0.05	1.43284e-05
0.05	1.43284e-05
0.05	1.43284e-05
0.05	1.43284e-05
0.05	1.43284e-05
0.05	1.43284e-05
0.05	1.43284e-05
0.05	1.43284e-05
0.05	1.43284e-05
0.05	1.43284e-05
0.05	1.43284e-05
0.05	1.43284e-05
0.05	1.43284e-05
0.05	1.43284e-05
0.05	1.43284e-05
0.05	1.43284e-05
0.05	1.43284e-05
0.05	1.43284e-05
0.05	1.43284e-05
0.05	1.43284e-05
0.05	1.43284e-05
0.05	1.43284e-05
0.05	1.43284e-05
0.05	1.43284e-05
0.05	1.43284e-05
0.05	1.43284e-05
0.05	1.43284e-05
0.05	1.43284e-05
0.05	1.43284e-05
0.05	1.43284e-05
0.05	1.43284e-05
0.05	1.43284e-05
0.05	1.43284e-05
0.05	1.43284e-05
0.05	1.43284e-05
0.05	1.43284e-05
0.05	1.43284e-05
0.05	1.43284e-05
0.05	1.43284e-05
0.05	1.43284e-05
0.05	1.43284e-05
0.05	1.43284e-05
0.05	1.43284e-05
0.05	1.43284e-05
0.05	1.43284e-05
0.05	1.43284e-05
0.05	1.43284e-05
0.05	1.43284e-05
0.05	1.43284e-05
0.05	1.43284e-05
0.05	1.43284e-05
0.05	1.43284e-05
0.05	1.43284e-05
0.05	1.43284e-05
0.05	1.43284e-05
0.05	1.43284e-05
0.05	1.43284e-05
0.05	1.43284e-05
0.05	1.43284e-05
0.05	1.43284e-05
0.05	1.43284e-05
0.05	1.43284e-05
0.05	1.43284e-05
0.05	1.43284e-05
0.05	1.43284e-05
0.05	1.43284e-05
0.05	1.43284e-05
0.05	1.43284e-05
0.05	1.43284e-05
0.05	1.43284e-05
0.05	1.43284e-05
0.05	1.43284e-05
0.05	1.43284e-05
0.05	1.43284e-05
0.05	1.43284e-05
0.05	1.43284e-05
0.05	1.43284e-05
0.05	1.43284e-05
0.05	1.43284e-05
0.05	1.43284e-05
0.05	1.43284e-05
0.05	1.43284e-05
0.05	1.43284e-05
0.05	1.43284e-05
0.05	1.43284e-05
0.05	1.43284e-05
0.05	1.43284e-05
0.05	1.43284e-05
0.05	1.43284e-05
0.05	1.43284e-05
0.05	1.43284e-05
0.05	1.43284e-05
0.05	1.43284e-05
0.05	1.43284e-05
0.05	1.43284e-05
0.05	1.43284e-05
0.05	1.43284e-05
0.05	1.43284e-05
0.05	1.43284e-05
0.05	1.43284e-05
0.05	1.43284e-05
0.05	1.43284e-05
0.05	1.43284e-05
0.05	1.43284e-05
0.05	1.43284e-05
0.05	1.43284e-05
0.05	1.43284e-05
0.05	1.43284e-05
0.05	1.43284e-05
0.05	1.43284e-05
0.05	1.43284e-05
0.05	1.43284e-05
0.05	1.43284e-05
0.05	1.43284e-05
0.05	1.43284e-05
0.05	1.43284e-05
0.05	1.43284e-05
0.05	1.43284e-05
0.05	1.43284e-05
0.05	1.43284e-05
0.05	1.43284e-05
0.05	1.43284e-05
0.05	1.43284e-05
0.05	1.43284e-05
0.05	1.43284e-05
0.05	1.43284e-05
0.05	1.43284e-05
0.05	1.43284e-05
0.05	1.43284e-05
0.05	1.43284e-05
0.05	1.43284e-05
0.05	1.43284e-05
0.05	1.43284e-05
0.05	1.43284e-05
0.05	1.43284e-05
0.05	1.43284e-05
0.05	1.43284e-05
0.05	1.43284e-05
0.05	1.43284e-05
0.05	1.43284e-05
0.05	1.43284e-05
0.05	1.43284e-05
0.05	1.43284e-05
0.05	1.43284e-05
0.05	1.43284e-05
0.05	1.43284e-05
0.05	1.43284e-05
0.05	1.43284e-05
0.05	1.43284e-05
0.05	1.43284e-05
0.05	1.43284e-05
0.05	1.43284e-05
0.05	1.43284e-05
0.05	1.43284e-05
0.05	1.43284e-05
0.05	1.43284e-05
0.05	1.43284e-05
0.05	1.43284e-05
0.05	1.43284e-05
0.05	1.43284e-05
0.05	1.43284e-05
0.05	1.43284e-05
0.05	1.43284e-05
0.05	1.43284e-05
0.05	1.43284e-05
0.05	1.43284e-05
0.05	1.43284e-05
0.05	1.43284e-05
0.05	1.43284e-05
0.05	1.43284e-05
0.05	1.43284e-05
0.05	1.43284e-05
0.05	1.43284e-05
0.05	1.43284e-05
0.05	1.43284e-05
0.05	1.43284e-05
0.05	1.43284e-05
0.05	1.43284e-05
0.05	1.43284e-05
0.05	1.43284e-05
0.05	1.43284e-05
0.05	1.43284e-05
0.05	1.43284e-05
0.05	1.43284e-05
0.05	1.43284e-05
0.05	1.43284e-05
0.05	1.43284e-05
0.05	1.43284e-05
0.05	1.43284e-05
0.05	1.43284e-05
0.05	1.43284e-05
0.05	1.43284e-05
0.05	1.43284e-05
0.05	1.43284e-05
0.05	1.43284e-05
0.05	1.43284e-05
0.05	1.43284e-05
0.05	1.43284e-05
0.05	1.43284e-05
0.05	1.43284e-05
0.05	1.43284e-05
0.05	1.43284e-05
0.05	1.43284e-05
0.05	1.43284e-05
0.05	1.43284e-05
0.05	1.43284e-05
0.05	1.43284e-05
0.05	1.43284e-05
0.05	1.43284e-05
0.05	1.43284e-05
0.05	1.43284e-05
0.05	1.43284e-05
0.05	1.43284e-05
0.05	1.43284e-05
0.05	1.43284e-05
0.05	1.43284e-05
0.05	1.43284e-05
0.05	1.43284e-05
0.05	1.43284e-05
0.05	1.43284e-05
0.05	1.43284e-05
0.05	1.43284e-05
0.05	1.43284e-05
0.05	1.43284e-05
0.05	1.43284e-05
0.05	1.43284e-05
0.05	1.43284e-05
0.05	1.43284e-05
0.05	1.43284e-05
0.05	1.43284e-05
0.05	1.43284e-05
0.05	1.43284e-05
0.05	1.43284e-05
0.05	1.43284e-05
0.05	1.43284e-05
0.05	1.43284e-05
0.05	1.43284e-05
0.05	1.43284e-05
0.05	1.43284e-05
0.05	1.43284e-05
0.05	1.43284e-05
0.05	1.43284e-05
0.05	1.43284e-05
0.05	1.43284e-05
0.05	1.43284e-05
0.05	1.43284e-05
0.05	1.43284e-05
0.05	1.43284e-05
0.05	1.43284e-05
0.05	1.43284e-05
0.05	1.43284e-05
0.05	1.43284e-05
0.05	1.43284e-05
0.05	1.43284e-05
0.05	1.43284e-05
0.05	1.43284e-05
0.05	1.43284e-05
0.05	1.43284e-05
0.05	1.43284e-05
0.05	1.43284e-05
0.05	1.43284e-05
0.05	1.43284e-05
0.05	1.43284e-05
0.05	1.43284e-05
0.05	1.43284e-05
0.05	1.43284e-05
0.05	1.43284e-05
0.05	1.43284e-05
0.05	1.43284e-05
0.05	1.43284e-05
0.05	1.43284e-05
0.05	1.43284e-05
0.05	1.43284e-05
0.05	1.43284e-05
0.05	1.43284e-05
0.05	1.43284e-05
0.05	1.43284e-05
0.05	1.43284e-05
0.05	1.43284e-05
0.05	1.43284e-05
0.05	1.43284e-05
0.05	1.43284e-05
0.05	1.43284e-05
0.05	1.43284e-05
0.05	1.43284e-05
0.05	1.43284e-05
0.05	1.43284e-05
0.05	1.43284e-05
0.05	1.43284e-05
0.05	1.43284e-05
0.05	1.43284e-05
0.05	1.43284e-05
0.05	1.43284e-05
0.05	1.43284e-05
0.05	1.43284e-05
0.05	1.43284e-05
0.05	1.43284e-05
0.05	1.43284e-05
0.05	1.43284e-05
0.05	1.43284e-05
0.05	1.43284e-05
0.05	1.43284e-05
0.05	1.43284e-05
0.05	1.43284e-05
0.05	1.43284e-05
0.05	1.43284e-05
0.05	1.43284e-05
0.05	1.43284e-05
0.05	1.43284e-05
0.05	1.43284e-05
0.05	1.43284e-05
0.05	1.43284e-05
0.05	1.43284e-05
0.05	1.43284e-05
0.05	1.43284e-05
0.05	1.43284e-05
0.05	1.43284e-05
0.05	1.43284e-05
0.05	1.43284e-05
0.05	1.43284e-05
0.05	1.43284e-05
0.05	1.43284e-05
0.05	1.43284e-05
0.05	1.43284e-05
0.05	1.43284e-05
0.05	1.43284e-05
0.05	1.43284e-05
0.05	1.43284e-05
0.05	1.43284e-05
0.05	1.43284e-05
0.05	1.43284e-05
0.05	1.43284e-05
0.05	1.43284e-05
0.05	1.43284e-05
0.05	1.43284e-05
0.05	1.43284e-05
0.05	1.43284e-05
0.05	1.43284e-05
0.05	1.43284e-05
0.05	1.43284e-05
0.05	1.43284e-05
0.05	1.43284e-05
0.05	1.43284e-05
0.05	1.43284e-05
0.05	1.43284e-05
0.05	1.43284e-05
0.05	1.43284e-05
0.05	1.43284e-05
0.05	1.43284e-05
0.05	1.43284e-05
0.05	1.43284e-05
0.05	1.43284e-05
0.05	1.43284e-05
0.05	1.43284e-05
0.05	1.43284e-05
0.05	1.43284e-05
0.05	1.43284e-05
0.05	1.43284e-05
0.05	1.43284e-05
0.05	1.43284e-05
0.05	1.43284e-05
0.05	1.43284e-05
0.05	1.43284e-05
0.05	1.43284e-05
0.05	1.43284e-05
0.05	1.43284e-05
0.05	1.43284e-05
0.05	1.43284e-05
0.05	1.43284e-05
0.05	1.43284e-05
0.05	1.43284e-05
0.05	1.43284e-05
0.05	1.43284e-05
0.05	1.43284e-05
0.05	1.43284e-05
0.05	1.43284e-05
0.05	1.43284e-05
0.05	1.43284e-05
0.05	1.43284e-05
0.05	1.43284e-05
0.05	1.43284e-05
0.05	1.43284e-05
0.05	1.43284e-05
0.05	1.43284e-05
0.05	1.43284e-05
0.05	1.43284e-05
0.05	1.43284e-05
0.05	1.43284e-05
0.05	1.43284e-05
0.05	1.43284e-05
0.05	1.43284e-05
0.05	1.43284e-05
0.05	1.43284e-05
0.05	1.43284e-05
0.05	1.43284e-05
0.05	1.43284e-05
0.05	1.43284e-05
0.05	1.43284e-05
0.05	1.43284e-05
0.05	1.43284e-05
0.05	1.43284e-05
0.05	1.43284e-05
0.05	1.43284e-05
0.05	1.43284e-05
0.05	1.43284e-05
0.05	1.43284e-05
0.05	1.43284e-05
0.05	1.43284e-05
0.05	1.43284e-05
0.05	1.43284e-05
0.05	1.43284e-05
0.05	1.43284e-05
0.05	1.43284e-05
0.05	1.43284e-05
0.05	1.43284e-05
0.05	1.43284e-05
0.05	1.43284e-05
0.05	1.43284e-05
0.05	1.43284e-05
0.05	1.43284e-05
0.05	1.43284e-05
0.05	1.43284e-05
0.05	1.43284e-05
0.05	1.43284e-05
0.05	1.43284e-05
0.05	1.43284e-05
0.05	1.43284e-05
0.05	1.43284e-05
0.05	1.43284e-05
0.05	1.43284e-05
0.05	1.43284e-05
0.05	1.43284e-05
0.05	1.43284e-05
0.05	1.43284e-05
0.05	1.43284e-05
0.05	1.43284e-05
0.05	1.43284e-05
0.05	1.43284e-05
0.05	1.43285e-05
0.05	1.43285e-05
0.05	1.43285e-05
0.05	1.43285e-05
0.05	1.43285e-05
0.05	1.43285e-05
0.05	1.43285e-05
0.05	1.43285e-05
0.05	1.43285e-05
0.05	1.43285e-05
0.05	1.43285e-05
0.05	1.43285e-05
0.05	1.43285e-05
0.05	1.43285e-05
0.05	1.43285e-05
0.05	1.43285e-05
0.05	1.43285e-05
0.05	1.43285e-05
0.05	1.43286e-05
0.05	1.43286e-05
0.05	1.43286e-05
0.05	1.43286e-05
0.05	1.43286e-05
0.05	1.43286e-05
0.05	1.43286e-05
0.05	1.43286e-05
0.05	1.43287e-05
0.05	1.43287e-05
0.05	1.43287e-05
0.05	1.43287e-05
0.05	1.43288e-05
0.05	1.43288e-05
0.05	1.43288e-05
0.05	1.43288e-05
0.05	1.43289e-05
0.05	1.43289e-05
0.05	1.4329e-05
0.05	1.4329e-05
0.05	1.43291e-05
0.05	1.43291e-05
0.05	1.43292e-05
0.05	1.43293e-05
0.05	1.43293e-05
0.05	1.43295e-05
0.05	1.43296e-05
0.05	1.43297e-05
0.05	1.43299e-05
0.05	1.43301e-05
0.05	1.43303e-05
0.05	1.43306e-05
0.05	1.4331e-05
0.05	1.43315e-05
0.05	1.43321e-05
0.05	1.43328e-05
0.05	1.43338e-05
0.05	1.43349e-05
0.05	1.43364e-05
0.05	1.43382e-05
0.05	1.43404e-05
0.05	1.4343e-05
0.05	1.43461e-05
0.05	1.43496e-05
0.05	1.43536e-05
0.05	1.43582e-05
0.05	1.43633e-05
0.05	1.43717e-05
0.05	1.43822e-05
0.05	1.43938e-05
0.05	1.43712e-05
0.05	1.43422e-05
0.05	0.000813951
0.05	0.0005541
0.05	0.000190403
0.05	7.70634e-05
0.05	5.43768e-05
0.05	3.86169e-05
0.05	3.18205e-05
0.05	2.65519e-05
0.05	2.36972e-05
0.05	2.13876e-05
0.05	1.99698e-05
0.05	1.8829e-05
0.05	1.80827e-05
0.05	1.74796e-05
0.05	1.70842e-05
0.05	1.67198e-05
0.05	1.64729e-05
0.05	1.62374e-05
0.05	1.607e-05
0.05	1.59074e-05
0.05	1.57854e-05
0.05	1.56653e-05
0.05	1.55703e-05
0.05	1.54763e-05
0.05	1.53985e-05
0.05	1.53218e-05
0.05	1.52561e-05
0.05	1.51917e-05
0.05	1.51353e-05
0.05	1.50804e-05
0.05	1.50314e-05
0.05	1.49842e-05
0.05	1.49415e-05
0.05	1.49005e-05
0.05	1.48632e-05
0.05	1.48276e-05
0.05	1.4795e-05
0.05	1.4764e-05
0.05	1.47354e-05
0.05	1.47083e-05
0.05	1.46832e-05
0.05	1.46595e-05
0.05	1.46375e-05
0.05	1.46168e-05
0.05	1.45975e-05
0.05	1.45793e-05
0.05	1.45624e-05
0.05	1.45465e-05
0.05	1.45317e-05
0.05	1.45177e-05
0.05	1.45047e-05
0.05	1.44925e-05
0.05	1.44811e-05
0.05	1.44704e-05
0.05	1.44604e-05
0.05	1.44511e-05
0.05	1.44423e-05
0.05	1.44341e-05
0.05	1.44265e-05
0.05	1.44193e-05
0.05	1.44127e-05
0.05	1.44064e-05
0.05	1.44006e-05
0.05	1.43952e-05
0.05	1.43901e-05
0.05	1.43853e-05
0.05	1.43809e-05
0.05	1.43768e-05
0.05	1.4373e-05
0.05	1.43694e-05
0.05	1.4366e-05
0.05	1.43629e-05
0.05	1.436e-05
0.05	1.43573e-05
0.05	1.43548e-05
0.05	1.43525e-05
0.05	1.43503e-05
0.05	1.43483e-05
0.05	1.43465e-05
0.05	1.43447e-05
0.05	1.43431e-05
0.05	1.43416e-05
0.05	1.43403e-05
0.05	1.4339e-05
0.05	1.43378e-05
0.05	1.43367e-05
0.05	1.43357e-05
0.05	1.43347e-05
0.05	1.43338e-05
0.05	1.4333e-05
0.05	1.43323e-05
0.05	1.43316e-05
0.05	1.4331e-05
0.05	1.43304e-05
0.05	1.43298e-05
0.05	1.43293e-05
0.05	1.43289e-05
0.05	1.43284e-05
0.05	1.4328e-05
0.05	1.43277e-05
0.05	1.43273e-05
0.05	1.4327e-05
0.05	1.43267e-05
0.05	1.43265e-05
0.05	1.43262e-05
0.05	1.4326e-05
0.05	1.43258e-05
0.05	1.43256e-05
0.05	1.43255e-05
0.05	1.43253e-05
0.05	1.43252e-05
0.05	1.4325e-05
0.05	1.43249e-05
0.05	1.43248e-05
0.05	1.43247e-05
0.05	1.43246e-05
0.05	1.43245e-05
0.05	1.43245e-05
0.05	1.43244e-05
0.05	1.43243e-05
0.05	1.43243e-05
0.05	1.43242e-05
0.05	1.43242e-05
0.05	1.43241e-05
0.05	1.43241e-05
0.05	1.4324e-05
0.05	1.4324e-05
0.05	1.4324e-05
0.05	1.4324e-05
0.05	1.43239e-05
0.05	1.43239e-05
0.05	1.43239e-05
0.05	1.43239e-05
0.05	1.43239e-05
0.05	1.43238e-05
0.05	1.43238e-05
0.05	1.43238e-05
0.05	1.43238e-05
0.05	1.43238e-05
0.05	1.43238e-05
0.05	1.43238e-05
0.05	1.43238e-05
0.05	1.43238e-05
0.05	1.43238e-05
0.05	1.43238e-05
0.05	1.43238e-05
0.05	1.43238e-05
0.05	1.43237e-05
0.05	1.43237e-05
0.05	1.43237e-05
0.05	1.43237e-05
0.05	1.43237e-05
0.05	1.43237e-05
0.05	1.43237e-05
0.05	1.43237e-05
0.05	1.43237e-05
0.05	1.43237e-05
0.05	1.43237e-05
0.05	1.43237e-05
0.05	1.43237e-05
0.05	1.43237e-05
0.05	1.43237e-05
0.05	1.43237e-05
0.05	1.43237e-05
0.05	1.43237e-05
0.05	1.43237e-05
0.05	1.43237e-05
0.05	1.43237e-05
0.05	1.43237e-05
0.05	1.43237e-05
0.05	1.43237e-05
0.05	1.43237e-05
0.05	1.43237e-05
0.05	1.43237e-05
0.05	1.43237e-05
0.05	1.43237e-05
0.05	1.43237e-05
0.05	1.43237e-05
0.05	1.43237e-05
0.05	1.43237e-05
0.05	1.43237e-05
0.05	1.43237e-05
0.05	1.43237e-05
0.05	1.43237e-05
0.05	1.43237e-05
0.05	1.43237e-05
0.05	1.43237e-05
0.05	1.43237e-05
0.05	1.43237e-05
0.05	1.43237e-05
0.05	1.43237e-05
0.05	1.43237e-05
0.05	1.43237e-05
0.05	1.43237e-05
0.05	1.43237e-05
0.05	1.43237e-05
0.05	1.43237e-05
0.05	1.43237e-05
0.05	1.43237e-05
0.05	1.43237e-05
0.05	1.43237e-05
0.05	1.43237e-05
0.05	1.43237e-05
0.05	1.43237e-05
0.05	1.43237e-05
0.05	1.43237e-05
0.05	1.43237e-05
0.05	1.43237e-05
0.05	1.43237e-05
0.05	1.43237e-05
0.05	1.43237e-05
0.05	1.43237e-05
0.05	1.43237e-05
0.05	1.43237e-05
0.05	1.43237e-05
0.05	1.43237e-05
0.05	1.43237e-05
0.05	1.43237e-05
0.05	1.43237e-05
0.05	1.43237e-05
0.05	1.43237e-05
0.05	1.43237e-05
0.05	1.43237e-05
0.05	1.43237e-05
0.05	1.43237e-05
0.05	1.43237e-05
0.05	1.43237e-05
0.05	1.43237e-05
0.05	1.43237e-05
0.05	1.43237e-05
0.05	1.43237e-05
0.05	1.43237e-05
0.05	1.43237e-05
0.05	1.43237e-05
0.05	1.43237e-05
0.05	1.43237e-05
0.05	1.43237e-05
0.05	1.43237e-05
0.05	1.43237e-05
0.05	1.43237e-05
0.05	1.43237e-05
0.05	1.43237e-05
0.05	1.43237e-05
0.05	1.43237e-05
0.05	1.43237e-05
0.05	1.43237e-05
0.05	1.43237e-05
0.05	1.43237e-05
0.05	1.43237e-05
0.05	1.43237e-05
0.05	1.43237e-05
0.05	1.43237e-05
0.05	1.43237e-05
0.05	1.43237e-05
0.05	1.43237e-05
0.05	1.43237e-05
0.05	1.43237e-05
0.05	1.43237e-05
0.05	1.43237e-05
0.05	1.43237e-05
0.05	1.43237e-05
0.05	1.43237e-05
0.05	1.43237e-05
0.05	1.43237e-05
0.05	1.43237e-05
0.05	1.43237e-05
0.05	1.43237e-05
0.05	1.43237e-05
0.05	1.43237e-05
0.05	1.43237e-05
0.05	1.43237e-05
0.05	1.43237e-05
0.05	1.43237e-05
0.05	1.43237e-05
0.05	1.43237e-05
0.05	1.43237e-05
0.05	1.43237e-05
0.05	1.43237e-05
0.05	1.43237e-05
0.05	1.43237e-05
0.05	1.43237e-05
0.05	1.43237e-05
0.05	1.43237e-05
0.05	1.43237e-05
0.05	1.43237e-05
0.05	1.43237e-05
0.05	1.43237e-05
0.05	1.43237e-05
0.05	1.43237e-05
0.05	1.43237e-05
0.05	1.43237e-05
0.05	1.43237e-05
0.05	1.43237e-05
0.05	1.43237e-05
0.05	1.43237e-05
0.05	1.43237e-05
0.05	1.43237e-05
0.05	1.43237e-05
0.05	1.43237e-05
0.05	1.43237e-05
0.05	1.43237e-05
0.05	1.43237e-05
0.05	1.43237e-05
0.05	1.43237e-05
0.05	1.43237e-05
0.05	1.43237e-05
0.05	1.43237e-05
0.05	1.43237e-05
0.05	1.43237e-05
0.05	1.43237e-05
0.05	1.43237e-05
0.05	1.43237e-05
0.05	1.43237e-05
0.05	1.43237e-05
0.05	1.43237e-05
0.05	1.43237e-05
0.05	1.43237e-05
0.05	1.43237e-05
0.05	1.43237e-05
0.05	1.43237e-05
0.05	1.43237e-05
0.05	1.43237e-05
0.05	1.43237e-05
0.05	1.43237e-05
0.05	1.43237e-05
0.05	1.43237e-05
0.05	1.43237e-05
0.05	1.43237e-05
0.05	1.43237e-05
0.05	1.43237e-05
0.05	1.43237e-05
0.05	1.43237e-05
0.05	1.43237e-05
0.05	1.43237e-05
0.05	1.43237e-05
0.05	1.43237e-05
0.05	1.43237e-05
0.05	1.43237e-05
0.05	1.43237e-05
0.05	1.43237e-05
0.05	1.43237e-05
0.05	1.43237e-05
0.05	1.43237e-05
0.05	1.43237e-05
0.05	1.43237e-05
0.05	1.43237e-05
0.05	1.43237e-05
0.05	1.43237e-05
0.05	1.43237e-05
0.05	1.43237e-05
0.05	1.43237e-05
0.05	1.43237e-05
0.05	1.43237e-05
0.05	1.43237e-05
0.05	1.43237e-05
0.05	1.43237e-05
0.05	1.43237e-05
0.05	1.43237e-05
0.05	1.43237e-05
0.05	1.43237e-05
0.05	1.43237e-05
0.05	1.43237e-05
0.05	1.43237e-05
0.05	1.43237e-05
0.05	1.43237e-05
0.05	1.43237e-05
0.05	1.43237e-05
0.05	1.43237e-05
0.05	1.43237e-05
0.05	1.43237e-05
0.05	1.43237e-05
0.05	1.43237e-05
0.05	1.43237e-05
0.05	1.43237e-05
0.05	1.43237e-05
0.05	1.43237e-05
0.05	1.43237e-05
0.05	1.43237e-05
0.05	1.43237e-05
0.05	1.43237e-05
0.05	1.43237e-05
0.05	1.43237e-05
0.05	1.43237e-05
0.05	1.43237e-05
0.05	1.43237e-05
0.05	1.43237e-05
0.05	1.43237e-05
0.05	1.43237e-05
0.05	1.43237e-05
0.05	1.43237e-05
0.05	1.43237e-05
0.05	1.43237e-05
0.05	1.43237e-05
0.05	1.43237e-05
0.05	1.43237e-05
0.05	1.43237e-05
0.05	1.43237e-05
0.05	1.43237e-05
0.05	1.43237e-05
0.05	1.43237e-05
0.05	1.43237e-05
0.05	1.43237e-05
0.05	1.43237e-05
0.05	1.43237e-05
0.05	1.43237e-05
0.05	1.43237e-05
0.05	1.43237e-05
0.05	1.43237e-05
0.05	1.43237e-05
0.05	1.43237e-05
0.05	1.43237e-05
0.05	1.43237e-05
0.05	1.43237e-05
0.05	1.43237e-05
0.05	1.43237e-05
0.05	1.43237e-05
0.05	1.43237e-05
0.05	1.43237e-05
0.05	1.43237e-05
0.05	1.43237e-05
0.05	1.43237e-05
0.05	1.43237e-05
0.05	1.43237e-05
0.05	1.43237e-05
0.05	1.43237e-05
0.05	1.43237e-05
0.05	1.43237e-05
0.05	1.43237e-05
0.05	1.43237e-05
0.05	1.43237e-05
0.05	1.43237e-05
0.05	1.43237e-05
0.05	1.43237e-05
0.05	1.43237e-05
0.05	1.43237e-05
0.05	1.43237e-05
0.05	1.43237e-05
0.05	1.43237e-05
0.05	1.43237e-05
0.05	1.43237e-05
0.05	1.43237e-05
0.05	1.43237e-05
0.05	1.43237e-05
0.05	1.43237e-05
0.05	1.43237e-05
0.05	1.43237e-05
0.05	1.43237e-05
0.05	1.43237e-05
0.05	1.43237e-05
0.05	1.43237e-05
0.05	1.43237e-05
0.05	1.43237e-05
0.05	1.43237e-05
0.05	1.43237e-05
0.05	1.43237e-05
0.05	1.43237e-05
0.05	1.43237e-05
0.05	1.43237e-05
0.05	1.43237e-05
0.05	1.43237e-05
0.05	1.43237e-05
0.05	1.43237e-05
0.05	1.43237e-05
0.05	1.43237e-05
0.05	1.43237e-05
0.05	1.43237e-05
0.05	1.43237e-05
0.05	1.43237e-05
0.05	1.43237e-05
0.05	1.43237e-05
0.05	1.43237e-05
0.05	1.43237e-05
0.05	1.43237e-05
0.05	1.43237e-05
0.05	1.43237e-05
0.05	1.43237e-05
0.05	1.43237e-05
0.05	1.43237e-05
0.05	1.43237e-05
0.05	1.43237e-05
0.05	1.43237e-05
0.05	1.43237e-05
0.05	1.43237e-05
0.05	1.43237e-05
0.05	1.43237e-05
0.05	1.43237e-05
0.05	1.43237e-05
0.05	1.43237e-05
0.05	1.43237e-05
0.05	1.43237e-05
0.05	1.43237e-05
0.05	1.43237e-05
0.05	1.43237e-05
0.05	1.43237e-05
0.05	1.43237e-05
0.05	1.43237e-05
0.05	1.43237e-05
0.05	1.43237e-05
0.05	1.43237e-05
0.05	1.43237e-05
0.05	1.43237e-05
0.05	1.43237e-05
0.05	1.43237e-05
0.05	1.43237e-05
0.05	1.43237e-05
0.05	1.43237e-05
0.05	1.43237e-05
0.05	1.43237e-05
0.05	1.43237e-05
0.05	1.43237e-05
0.05	1.43237e-05
0.05	1.43237e-05
0.05	1.43237e-05
0.05	1.43237e-05
0.05	1.43237e-05
0.05	1.43237e-05
0.05	1.43237e-05
0.05	1.43237e-05
0.05	1.43237e-05
0.05	1.43237e-05
0.05	1.43237e-05
0.05	1.43237e-05
0.05	1.43237e-05
0.05	1.43237e-05
0.05	1.43237e-05
0.05	1.43237e-05
0.05	1.43237e-05
0.05	1.43237e-05
0.05	1.43237e-05
0.05	1.43237e-05
0.05	1.43237e-05
0.05	1.43237e-05
0.05	1.43237e-05
0.05	1.43237e-05
0.05	1.43237e-05
0.05	1.43237e-05
0.05	1.43237e-05
0.05	1.43237e-05
0.05	1.43237e-05
0.05	1.43237e-05
0.05	1.43237e-05
0.05	1.43237e-05
0.05	1.43237e-05
0.05	1.43237e-05
0.05	1.43237e-05
0.05	1.43237e-05
0.05	1.43237e-05
0.05	1.43237e-05
0.05	1.43237e-05
0.05	1.43237e-05
0.05	1.43237e-05
0.05	1.43237e-05
0.05	1.43237e-05
0.05	1.43237e-05
0.05	1.43237e-05
0.05	1.43237e-05
0.05	1.43237e-05
0.05	1.43237e-05
0.05	1.43237e-05
0.05	1.43237e-05
0.05	1.43237e-05
0.05	1.43237e-05
0.05	1.43237e-05
0.05	1.43237e-05
0.05	1.43237e-05
0.05	1.43237e-05
0.05	1.43237e-05
0.05	1.43237e-05
0.05	1.43237e-05
0.05	1.43237e-05
0.05	1.43237e-05
0.05	1.43237e-05
0.05	1.43237e-05
0.05	1.43237e-05
0.05	1.43237e-05
0.05	1.43237e-05
0.05	1.43237e-05
0.05	1.43237e-05
0.05	1.43237e-05
0.05	1.43237e-05
0.05	1.43237e-05
0.05	1.43237e-05
0.05	1.43237e-05
0.05	1.43237e-05
0.05	1.43237e-05
0.05	1.43237e-05
0.05	1.43237e-05
0.05	1.43237e-05
0.05	1.43237e-05
0.05	1.43237e-05
0.05	1.43237e-05
0.05	1.43237e-05
0.05	1.43237e-05
0.05	1.43237e-05
0.05	1.43237e-05
0.05	1.43237e-05
0.05	1.43237e-05
0.05	1.43237e-05
0.05	1.43237e-05
0.05	1.43237e-05
0.05	1.43237e-05
0.05	1.43237e-05
0.05	1.43237e-05
0.05	1.43237e-05
0.05	1.43237e-05
0.05	1.43237e-05
0.05	1.43237e-05
0.05	1.43237e-05
0.05	1.43237e-05
0.05	1.43237e-05
0.05	1.43237e-05
0.05	1.43237e-05
0.05	1.43237e-05
0.05	1.43237e-05
0.05	1.43237e-05
0.05	1.43237e-05
0.05	1.43237e-05
0.05	1.43237e-05
0.05	1.43237e-05
0.05	1.43237e-05
0.05	1.43237e-05
0.05	1.43237e-05
0.05	1.43237e-05
0.05	1.43237e-05
0.05	1.43237e-05
0.05	1.43237e-05
0.05	1.43237e-05
0.05	1.43237e-05
0.05	1.43237e-05
0.05	1.43237e-05
0.05	1.43237e-05
0.05	1.43237e-05
0.05	1.43237e-05
0.05	1.43237e-05
0.05	1.43237e-05
0.05	1.43237e-05
0.05	1.43237e-05
0.05	1.43237e-05
0.05	1.43237e-05
0.05	1.43237e-05
0.05	1.43237e-05
0.05	1.43237e-05
0.05	1.43237e-05
0.05	1.43237e-05
0.05	1.43237e-05
0.05	1.43237e-05
0.05	1.43237e-05
0.05	1.43237e-05
0.05	1.43237e-05
0.05	1.43237e-05
0.05	1.43237e-05
0.05	1.43237e-05
0.05	1.43237e-05
0.05	1.43237e-05
0.05	1.43237e-05
0.05	1.43237e-05
0.05	1.43237e-05
0.05	1.43237e-05
0.05	1.43237e-05
0.05	1.43237e-05
0.05	1.43237e-05
0.05	1.43237e-05
0.05	1.43237e-05
0.05	1.43237e-05
0.05	1.43237e-05
0.05	1.43237e-05
0.05	1.43237e-05
0.05	1.43237e-05
0.05	1.43237e-05
0.05	1.43237e-05
0.05	1.43237e-05
0.05	1.43237e-05
0.05	1.43237e-05
0.05	1.43237e-05
0.05	1.43237e-05
0.05	1.43237e-05
0.05	1.43237e-05
0.05	1.43237e-05
0.05	1.43237e-05
0.05	1.43238e-05
0.05	1.43238e-05
0.05	1.43238e-05
0.05	1.43238e-05
0.05	1.43238e-05
0.05	1.43238e-05
0.05	1.43239e-05
0.05	1.4324e-05
0.05	1.43241e-05
0.05	1.43242e-05
0.05	1.43244e-05
0.05	1.43245e-05
0.05	1.43249e-05
0.05	1.43253e-05
0.05	1.43259e-05
0.05	1.43267e-05
0.05	1.4328e-05
0.05	1.43301e-05
0.05	1.43323e-05
0.05	1.43383e-05
0.05	1.43422e-05
)
