(title "Total Pressure")
(labels "Position" "Total Pressure")

((xy/key/label "wall")
7	0.00256927
6.995	0.00493172
6.99	0.00962067
6.985	0.0143803
6.98	0.0191674
6.975	0.0239456
6.97	0.0287351
6.965	0.0335158
6.96	0.0383047
6.955	0.043087
6.95	0.0478752
6.945	0.0526585
6.94	0.0574461
6.935	0.0622303
6.93	0.0670173
6.925	0.071802
6.92	0.0765887
6.915	0.0813738
6.91	0.0861603
6.905	0.0909457
6.9	0.0957319
6.895	0.100517
6.89	0.105304
6.885	0.110089
6.88	0.114875
6.875	0.119661
6.87	0.124447
6.865	0.129233
6.86	0.134019
6.855	0.138805
6.85	0.14359
6.845	0.148376
6.84	0.153162
6.835	0.157948
6.83	0.162734
6.825	0.16752
6.82	0.172306
6.815	0.177092
6.81	0.181877
6.805	0.186663
6.8	0.191449
6.795	0.196235
6.79	0.201021
6.785	0.205807
6.78	0.210593
6.775	0.215379
6.77	0.220164
6.765	0.22495
6.76	0.229736
6.755	0.234522
6.75	0.239308
6.745	0.244094
6.74	0.24888
6.735	0.253666
6.73	0.258451
6.725	0.263237
6.72	0.268023
6.715	0.272809
6.71	0.277595
6.705	0.282381
6.7	0.287167
6.695	0.291952
6.69	0.296738
6.685	0.301524
6.68	0.30631
6.675	0.311096
6.67	0.315882
6.665	0.320668
6.66	0.325454
6.655	0.33024
6.65	0.335025
6.645	0.339811
6.64	0.344597
6.635	0.349383
6.63	0.354169
6.625	0.358955
6.62	0.363741
6.615	0.368527
6.61	0.373313
6.605	0.378098
6.6	0.382884
6.595	0.38767
6.59	0.392456
6.585	0.397242
6.58	0.402028
6.575	0.406813
6.57	0.411599
6.565	0.416385
6.56	0.421171
6.555	0.425957
6.55	0.430743
6.545	0.435529
6.54	0.440315
6.535	0.4451
6.53	0.449886
6.525	0.454672
6.52	0.459458
6.515	0.464244
6.51	0.46903
6.505	0.473816
6.5	0.478601
6.495	0.483387
6.49	0.488173
6.485	0.492959
6.48	0.497745
6.475	0.502531
6.47	0.507317
6.465	0.512103
6.46	0.516888
6.455	0.521674
6.45	0.52646
6.445	0.531246
6.44	0.536032
6.435	0.540818
6.43	0.545604
6.425	0.55039
6.42	0.555176
6.415	0.559961
6.41	0.564747
6.405	0.569533
6.4	0.574319
6.395	0.579105
6.39	0.583891
6.385	0.588677
6.38	0.593463
6.375	0.598249
6.37	0.603034
6.365	0.60782
6.36	0.612606
6.355	0.617392
6.35	0.622178
6.345	0.626964
6.34	0.63175
6.335	0.636535
6.33	0.641321
6.325	0.646107
6.32	0.650893
6.315	0.655679
6.31	0.660465
6.305	0.665251
6.3	0.670037
6.295	0.674823
6.29	0.679608
6.285	0.684394
6.28	0.68918
6.275	0.693966
6.27	0.698752
6.265	0.703538
6.26	0.708323
6.255	0.713109
6.25	0.717895
6.245	0.722681
6.24	0.727467
6.235	0.732253
6.23	0.737039
6.225	0.741825
6.22	0.746611
6.215	0.751396
6.21	0.756182
6.205	0.760968
6.2	0.765754
6.195	0.77054
6.19	0.775326
6.185	0.780112
6.18	0.784898
6.175	0.789683
6.17	0.794469
6.165	0.799255
6.16	0.804041
6.155	0.808827
6.15	0.813613
6.145	0.818399
6.14	0.823185
6.135	0.827971
6.13	0.832756
6.125	0.837542
6.12	0.842328
6.115	0.847114
6.11	0.8519
6.105	0.856686
6.1	0.861471
6.095	0.866257
6.09	0.871043
6.085	0.875829
6.08	0.880615
6.075	0.885401
6.07	0.890187
6.065	0.894973
6.06	0.899759
6.055	0.904545
6.05	0.90933
6.045	0.914116
6.04	0.918902
6.035	0.923688
6.03	0.928474
6.025	0.93326
6.02	0.938045
6.015	0.942831
6.01	0.947617
6.005	0.952403
6	0.957189
5.995	0.961975
5.99	0.966761
5.985	0.971547
5.98	0.976333
5.975	0.981119
5.97	0.985904
5.965	0.99069
5.96	0.995476
5.955	1.00026
5.95	1.00505
5.945	1.00983
5.94	1.01462
5.935	1.01941
5.93	1.02419
5.925	1.02898
5.92	1.03376
5.915	1.03855
5.91	1.04333
5.905	1.04812
5.9	1.05291
5.895	1.05769
5.89	1.06248
5.885	1.06726
5.88	1.07205
5.875	1.07684
5.87	1.08162
5.865	1.08641
5.86	1.09119
5.855	1.09598
5.85	1.10077
5.845	1.10555
5.84	1.11034
5.835	1.11512
5.83	1.11991
5.825	1.12469
5.82	1.12948
5.815	1.13427
5.81	1.13905
5.805	1.14384
5.8	1.14862
5.795	1.15341
5.79	1.1582
5.785	1.16298
5.78	1.16777
5.775	1.17255
5.77	1.17734
5.765	1.18213
5.76	1.18691
5.755	1.1917
5.75	1.19648
5.745	1.20127
5.74	1.20605
5.735	1.21084
5.73	1.21563
5.725	1.22041
5.72	1.2252
5.715	1.22998
5.71	1.23477
5.705	1.23956
5.7	1.24434
5.695	1.24913
5.69	1.25391
5.685	1.2587
5.68	1.26349
5.675	1.26827
5.67	1.27306
5.665	1.27784
5.66	1.28263
5.655	1.28741
5.65	1.2922
5.645	1.29699
5.64	1.30177
5.635	1.30656
5.63	1.31134
5.625	1.31613
5.62	1.32092
5.615	1.3257
5.61	1.33049
5.605	1.33527
5.6	1.34006
5.595	1.34484
5.59	1.34963
5.585	1.35442
5.58	1.3592
5.575	1.36399
5.57	1.36877
5.565	1.37356
5.56	1.37835
5.555	1.38313
5.55	1.38792
5.545	1.3927
5.54	1.39749
5.535	1.40228
5.53	1.40706
5.525	1.41185
5.52	1.41663
5.515	1.42142
5.51	1.4262
5.505	1.43099
5.5	1.43578
5.495	1.44056
5.49	1.44535
5.485	1.45013
5.48	1.45492
5.475	1.45971
5.47	1.46449
5.465	1.46928
5.46	1.47406
5.455	1.47885
5.45	1.48364
5.445	1.48842
5.44	1.49321
5.435	1.49799
5.43	1.50278
5.425	1.50756
5.42	1.51235
5.415	1.51714
5.41	1.52192
5.405	1.52671
5.4	1.53149
5.395	1.53628
5.39	1.54107
5.385	1.54585
5.38	1.55064
5.375	1.55542
5.37	1.56021
5.365	1.565
5.36	1.56978
5.355	1.57457
5.35	1.57935
5.345	1.58414
5.34	1.58892
5.335	1.59371
5.33	1.5985
5.325	1.60328
5.32	1.60807
5.315	1.61285
5.31	1.61764
5.305	1.62243
5.3	1.62721
5.295	1.632
5.29	1.63678
5.285	1.64157
5.28	1.64635
5.275	1.65114
5.27	1.65593
5.265	1.66071
5.26	1.6655
5.255	1.67028
5.25	1.67507
5.245	1.67986
5.24	1.68464
5.235	1.68943
5.23	1.69421
5.225	1.699
5.22	1.70379
5.215	1.70857
5.21	1.71336
5.205	1.71814
5.2	1.72293
5.195	1.72771
5.19	1.7325
5.185	1.73729
5.18	1.74207
5.175	1.74686
5.17	1.75164
5.165	1.75643
5.16	1.76122
5.155	1.766
5.15	1.77079
5.145	1.77557
5.14	1.78036
5.135	1.78515
5.13	1.78993
5.125	1.79472
5.12	1.7995
5.115	1.80429
5.11	1.80907
5.105	1.81386
5.1	1.81865
5.095	1.82343
5.09	1.82822
5.085	1.833
5.08	1.83779
5.075	1.84258
5.07	1.84736
5.065	1.85215
5.06	1.85693
5.055	1.86172
5.05	1.8665
5.045	1.87129
5.04	1.87608
5.035	1.88086
5.03	1.88565
5.025	1.89043
5.02	1.89522
5.015	1.90001
5.01	1.90479
5.005	1.90958
5	1.91436
4.995	1.91915
4.99	1.92394
4.985	1.92872
4.98	1.93351
4.975	1.93829
4.97	1.94308
4.965	1.94786
4.96	1.95265
4.955	1.95744
4.95	1.96222
4.945	1.96701
4.94	1.97179
4.935	1.97658
4.93	1.98137
4.925	1.98615
4.92	1.99094
4.915	1.99572
4.91	2.00051
4.905	2.00529
4.9	2.01008
4.895	2.01487
4.89	2.01965
4.885	2.02444
4.88	2.02922
4.875	2.03401
4.87	2.0388
4.865	2.04358
4.86	2.04837
4.855	2.05315
4.85	2.05794
4.845	2.06273
4.84	2.06751
4.835	2.0723
4.83	2.07708
4.825	2.08187
4.82	2.08665
4.815	2.09144
4.81	2.09623
4.805	2.10101
4.8	2.1058
4.795	2.11058
4.79	2.11537
4.785	2.12016
4.78	2.12494
4.775	2.12973
4.77	2.13451
4.765	2.1393
4.76	2.14408
4.755	2.14887
4.75	2.15366
4.745	2.15844
4.74	2.16323
4.735	2.16801
4.73	2.1728
4.725	2.17759
4.72	2.18237
4.715	2.18716
4.71	2.19194
4.705	2.19673
4.7	2.20151
4.695	2.2063
4.69	2.21109
4.685	2.21587
4.68	2.22066
4.675	2.22544
4.67	2.23023
4.665	2.23502
4.66	2.2398
4.655	2.24459
4.65	2.24937
4.645	2.25416
4.64	2.25895
4.635	2.26373
4.63	2.26852
4.625	2.2733
4.62	2.27809
4.615	2.28287
4.61	2.28766
4.605	2.29245
4.6	2.29723
4.595	2.30202
4.59	2.3068
4.585	2.31159
4.58	2.31638
4.575	2.32116
4.57	2.32595
4.565	2.33073
4.56	2.33552
4.555	2.34031
4.55	2.34509
4.545	2.34988
4.54	2.35466
4.535	2.35945
4.53	2.36423
4.525	2.36902
4.52	2.37381
4.515	2.37859
4.51	2.38338
4.505	2.38816
4.5	2.39295
4.495	2.39774
4.49	2.40252
4.485	2.40731
4.48	2.41209
4.475	2.41688
4.47	2.42166
4.465	2.42645
4.46	2.43124
4.455	2.43602
4.45	2.44081
4.445	2.44559
4.44	2.45038
4.435	2.45517
4.43	2.45995
4.425	2.46474
4.42	2.46952
4.415	2.47431
4.41	2.47909
4.405	2.48388
4.4	2.48867
4.395	2.49345
4.39	2.49824
4.385	2.50302
4.38	2.50781
4.375	2.5126
4.37	2.51738
4.365	2.52217
4.36	2.52695
4.355	2.53174
4.35	2.53653
4.345	2.54131
4.34	2.5461
4.335	2.55088
4.33	2.55567
4.325	2.56045
4.32	2.56524
4.315	2.57003
4.31	2.57481
4.305	2.5796
4.3	2.58438
4.295	2.58917
4.29	2.59396
4.285	2.59874
4.28	2.60353
4.275	2.60831
4.27	2.6131
4.265	2.61788
4.26	2.62267
4.255	2.62746
4.25	2.63224
4.245	2.63703
4.24	2.64181
4.235	2.6466
4.23	2.65139
4.225	2.65617
4.22	2.66096
4.215	2.66574
4.21	2.67053
4.205	2.67532
4.2	2.6801
4.195	2.68489
4.19	2.68967
4.185	2.69446
4.18	2.69924
4.175	2.70403
4.17	2.70882
4.165	2.7136
4.16	2.71839
4.155	2.72317
4.15	2.72796
4.145	2.73275
4.14	2.73753
4.135	2.74232
4.13	2.7471
4.125	2.75189
4.12	2.75667
4.115	2.76146
4.11	2.76625
4.105	2.77103
4.1	2.77582
4.095	2.7806
4.09	2.78539
4.085	2.79018
4.08	2.79496
4.075	2.79975
4.07	2.80453
4.065	2.80932
4.06	2.8141
4.055	2.81889
4.05	2.82368
4.045	2.82846
4.04	2.83325
4.035	2.83803
4.03	2.84282
4.025	2.84761
4.02	2.85239
4.015	2.85718
4.01	2.86196
4.005	2.86675
4	2.87154
3.995	2.87632
3.99	2.88111
3.985	2.88589
3.98	2.89068
3.975	2.89546
3.97	2.90025
3.965	2.90504
3.96	2.90982
3.955	2.91461
3.95	2.91939
3.945	2.92418
3.94	2.92897
3.935	2.93375
3.93	2.93854
3.925	2.94332
3.92	2.94811
3.915	2.9529
3.91	2.95768
3.905	2.96247
3.9	2.96725
3.895	2.97204
3.89	2.97682
3.885	2.98161
3.88	2.9864
3.875	2.99118
3.87	2.99597
3.865	3.00075
3.86	3.00554
3.855	3.01033
3.85	3.01511
3.845	3.0199
3.84	3.02468
3.835	3.02947
3.83	3.03426
3.825	3.03904
3.82	3.04383
3.815	3.04862
3.81	3.0534
3.805	3.05819
3.8	3.06297
3.795	3.06776
3.79	3.07255
3.785	3.07733
3.78	3.08212
3.775	3.0869
3.77	3.09169
3.765	3.09648
3.76	3.10126
3.755	3.10605
3.75	3.11084
3.745	3.11562
3.74	3.12041
3.735	3.1252
3.73	3.12998
3.725	3.13477
3.72	3.13955
3.715	3.14434
3.71	3.14913
3.705	3.15391
3.7	3.1587
3.695	3.16349
3.69	3.16828
3.685	3.17306
3.68	3.17785
3.675	3.18264
3.67	3.18742
3.665	3.19221
3.66	3.197
3.655	3.20178
3.65	3.20657
3.645	3.21136
3.64	3.21615
3.635	3.22093
3.63	3.22572
3.625	3.23051
3.62	3.2353
3.615	3.24009
3.61	3.24488
3.605	3.24966
3.6	3.25445
3.595	3.25924
3.59	3.26403
3.585	3.26882
3.58	3.27361
3.575	3.2784
3.57	3.2832
3.565	3.28799
3.56	3.29278
3.555	3.29758
3.55	3.30237
3.545	3.30717
3.54	3.31196
3.535	3.31676
3.53	3.32156
3.525	3.32636
3.52	3.33116
3.515	3.33597
3.51	3.34082
3.505	3.34567
3.5	3.3503
3.495	3.35487
1e-15	8.21186
0.005	7.52148
0.01	6.9221
0.015	6.91011
0.02	6.83853
0.025	6.82503
0.03	6.79323
0.035	6.78244
0.04	6.76334
0.045	6.75398
0.05	6.7404
0.055	6.7316
0.06	6.72137
0.065	6.71326
0.07	6.70425
0.075	6.69649
0.08	6.6881
0.085	6.68057
0.09	6.67263
0.095	6.66528
0.1	6.65768
0.105	6.65049
0.11	6.64316
0.115	6.63612
0.12	6.62902
0.125	6.62214
0.13	6.61524
0.135	6.60851
0.14	6.6018
0.145	6.59523
0.15	6.58869
0.155	6.58227
0.16	6.57589
0.165	6.56961
0.17	6.56337
0.175	6.55723
0.18	6.55113
0.185	6.54511
0.19	6.53914
0.195	6.53323
0.2	6.52737
0.205	6.52157
0.21	6.51582
0.215	6.51011
0.22	6.50446
0.225	6.49884
0.23	6.49327
0.235	6.48774
0.24	6.48224
0.245	6.47679
0.25	6.47136
0.255	6.46597
0.26	6.46062
0.265	6.45529
0.27	6.44999
0.275	6.44472
0.28	6.43947
0.285	6.43425
0.29	6.42906
0.295	6.42388
0.3	6.41873
0.305	6.4136
0.31	6.40848
0.315	6.40339
0.32	6.39831
0.325	6.39325
0.33	6.3882
0.335	6.38317
0.34	6.37816
0.345	6.37316
0.35	6.36817
0.355	6.36319
0.36	6.35822
0.365	6.35327
0.37	6.34832
0.375	6.34339
0.38	6.33846
0.385	6.33354
0.39	6.32863
0.395	6.32373
0.4	6.31883
0.405	6.31395
0.41	6.30907
0.415	6.30419
0.42	6.29932
0.425	6.29446
0.43	6.2896
0.435	6.28474
0.44	6.27989
0.445	6.27505
0.45	6.27021
0.455	6.26537
0.46	6.26054
0.465	6.2557
0.47	6.25088
0.475	6.24605
0.48	6.24123
0.485	6.23641
0.49	6.23159
0.495	6.22678
0.5	6.22197
0.505	6.21715
0.51	6.21235
0.515	6.20754
0.52	6.20273
0.525	6.19793
0.53	6.19313
0.535	6.18832
0.54	6.18352
0.545	6.17872
0.55	6.17393
0.555	6.16913
0.56	6.16433
0.565	6.15954
0.57	6.15474
0.575	6.14995
0.58	6.14515
0.585	6.14036
0.59	6.13557
0.595	6.13078
0.6	6.12599
0.605	6.12119
0.61	6.1164
0.615	6.11161
0.62	6.10682
0.625	6.10203
0.63	6.09725
0.635	6.09246
0.64	6.08767
0.645	6.08288
0.65	6.07809
0.655	6.0733
0.66	6.06852
0.665	6.06373
0.67	6.05894
0.675	6.05415
0.68	6.04937
0.685	6.04458
0.69	6.03979
0.695	6.03501
0.7	6.03022
0.705	6.02543
0.71	6.02065
0.715	6.01586
0.72	6.01107
0.725	6.00629
0.73	6.0015
0.735	5.99671
0.74	5.99193
0.745	5.98714
0.75	5.98236
0.755	5.97757
0.76	5.97278
0.765	5.968
0.77	5.96321
0.775	5.95842
0.78	5.95364
0.785	5.94885
0.79	5.94407
0.795	5.93928
0.8	5.93449
0.805	5.92971
0.81	5.92492
0.815	5.92014
0.82	5.91535
0.825	5.91056
0.83	5.90578
0.835	5.90099
0.84	5.89621
0.845	5.89142
0.85	5.88663
0.855	5.88185
0.86	5.87706
0.865	5.87228
0.87	5.86749
0.875	5.8627
0.88	5.85792
0.885	5.85313
0.89	5.84835
0.895	5.84356
0.9	5.83877
0.905	5.83399
0.91	5.8292
0.915	5.82442
0.92	5.81963
0.925	5.81484
0.93	5.81006
0.935	5.80527
0.94	5.80049
0.945	5.7957
0.95	5.79091
0.955	5.78613
0.96	5.78134
0.965	5.77656
0.97	5.77177
0.975	5.76698
0.98	5.7622
0.985	5.75741
0.99	5.75263
0.995	5.74784
1	5.74305
1.005	5.73827
1.01	5.73348
1.015	5.7287
1.02	5.72391
1.025	5.71912
1.03	5.71434
1.035	5.70955
1.04	5.70477
1.045	5.69998
1.05	5.69519
1.055	5.69041
1.06	5.68562
1.065	5.68084
1.07	5.67605
1.075	5.67126
1.08	5.66648
1.085	5.66169
1.09	5.65691
1.095	5.65212
1.1	5.64733
1.105	5.64255
1.11	5.63776
1.115	5.63298
1.12	5.62819
1.125	5.6234
1.13	5.61862
1.135	5.61383
1.14	5.60905
1.145	5.60426
1.15	5.59947
1.155	5.59469
1.16	5.5899
1.165	5.58512
1.17	5.58033
1.175	5.57554
1.18	5.57076
1.185	5.56597
1.19	5.56119
1.195	5.5564
1.2	5.55161
1.205	5.54683
1.21	5.54204
1.215	5.53726
1.22	5.53247
1.225	5.52768
1.23	5.5229
1.235	5.51811
1.24	5.51333
1.245	5.50854
1.25	5.50375
1.255	5.49897
1.26	5.49418
1.265	5.4894
1.27	5.48461
1.275	5.47982
1.28	5.47504
1.285	5.47025
1.29	5.46547
1.295	5.46068
1.3	5.45589
1.305	5.45111
1.31	5.44632
1.315	5.44154
1.32	5.43675
1.325	5.43196
1.33	5.42718
1.335	5.42239
1.34	5.41761
1.345	5.41282
1.35	5.40803
1.355	5.40325
1.36	5.39846
1.365	5.39368
1.37	5.38889
1.375	5.3841
1.38	5.37932
1.385	5.37453
1.39	5.36975
1.395	5.36496
1.4	5.36017
1.405	5.35539
1.41	5.3506
1.415	5.34582
1.42	5.34103
1.425	5.33624
1.43	5.33146
1.435	5.32667
1.44	5.32189
1.445	5.3171
1.45	5.31231
1.455	5.30753
1.46	5.30274
1.465	5.29796
1.47	5.29317
1.475	5.28838
1.48	5.2836
1.485	5.27881
1.49	5.27403
1.495	5.26924
1.5	5.26445
1.505	5.25967
1.51	5.25488
1.515	5.2501
1.52	5.24531
1.525	5.24052
1.53	5.23574
1.535	5.23095
1.54	5.22617
1.545	5.22138
1.55	5.21659
1.555	5.21181
1.56	5.20702
1.565	5.20224
1.57	5.19745
1.575	5.19266
1.58	5.18788
1.585	5.18309
1.59	5.17831
1.595	5.17352
1.6	5.16873
1.605	5.16395
1.61	5.15916
1.615	5.15438
1.62	5.14959
1.625	5.1448
1.63	5.14002
1.635	5.13523
1.64	5.13045
1.645	5.12566
1.65	5.12087
1.655	5.11609
1.66	5.1113
1.665	5.10652
1.67	5.10173
1.675	5.09694
1.68	5.09216
1.685	5.08737
1.69	5.08259
1.695	5.0778
1.7	5.07301
1.705	5.06823
1.71	5.06344
1.715	5.05866
1.72	5.05387
1.725	5.04909
1.73	5.0443
1.735	5.03951
1.74	5.03473
1.745	5.02994
1.75	5.02516
1.755	5.02037
1.76	5.01558
1.765	5.0108
1.77	5.00601
1.775	5.00122
1.78	4.99644
1.785	4.99165
1.79	4.98687
1.795	4.98208
1.8	4.9773
1.805	4.97251
1.81	4.96772
1.815	4.96294
1.82	4.95815
1.825	4.95337
1.83	4.94858
1.835	4.94379
1.84	4.93901
1.845	4.93422
1.85	4.92944
1.855	4.92465
1.86	4.91986
1.865	4.91508
1.87	4.91029
1.875	4.90551
1.88	4.90072
1.885	4.89593
1.89	4.89115
1.895	4.88636
1.9	4.88158
1.905	4.87679
1.91	4.872
1.915	4.86722
1.92	4.86243
1.925	4.85765
1.93	4.85286
1.935	4.84807
1.94	4.84329
1.945	4.8385
1.95	4.83372
1.955	4.82893
1.96	4.82414
1.965	4.81936
1.97	4.81457
1.975	4.80979
1.98	4.805
1.985	4.80021
1.99	4.79543
1.995	4.79064
2	4.78586
2.005	4.78107
2.01	4.77628
2.015	4.7715
2.02	4.76671
2.025	4.76193
2.03	4.75714
2.035	4.75235
2.04	4.74757
2.045	4.74278
2.05	4.738
2.055	4.73321
2.06	4.72842
2.065	4.72364
2.07	4.71885
2.075	4.71407
2.08	4.70928
2.085	4.70449
2.09	4.69971
2.095	4.69492
2.1	4.69014
2.105	4.68535
2.11	4.68056
2.115	4.67578
2.12	4.67099
2.125	4.66621
2.13	4.66142
2.135	4.65663
2.14	4.65185
2.145	4.64706
2.15	4.64228
2.155	4.63749
2.16	4.6327
2.165	4.62792
2.17	4.62313
2.175	4.61835
2.18	4.61356
2.185	4.60877
2.19	4.60399
2.195	4.5992
2.2	4.59442
2.205	4.58963
2.21	4.58484
2.215	4.58006
2.22	4.57527
2.225	4.57049
2.23	4.5657
2.235	4.56091
2.24	4.55613
2.245	4.55134
2.25	4.54656
2.255	4.54177
2.26	4.53698
2.265	4.5322
2.27	4.52741
2.275	4.52263
2.28	4.51784
2.285	4.51305
2.29	4.50827
2.295	4.50348
2.3	4.4987
2.305	4.49391
2.31	4.48912
2.315	4.48434
2.32	4.47955
2.325	4.47477
2.33	4.46998
2.335	4.46519
2.34	4.46041
2.345	4.45562
2.35	4.45084
2.355	4.44605
2.36	4.44126
2.365	4.43648
2.37	4.43169
2.375	4.42691
2.38	4.42212
2.385	4.41734
2.39	4.41255
2.395	4.40776
2.4	4.40298
2.405	4.39819
2.41	4.3934
2.415	4.38862
2.42	4.38383
2.425	4.37905
2.43	4.37426
2.435	4.36947
2.44	4.36469
2.445	4.3599
2.45	4.35512
2.455	4.35033
2.46	4.34555
2.465	4.34076
2.47	4.33597
2.475	4.33119
2.48	4.3264
2.485	4.32162
2.49	4.31683
2.495	4.31204
2.5	4.30726
2.505	4.30247
2.51	4.29769
2.515	4.2929
2.52	4.28811
2.525	4.28333
2.53	4.27854
2.535	4.27376
2.54	4.26897
2.545	4.26418
2.55	4.2594
2.555	4.25461
2.56	4.24983
2.565	4.24504
2.57	4.24025
2.575	4.23547
2.58	4.23068
2.585	4.2259
2.59	4.22111
2.595	4.21632
2.6	4.21154
2.605	4.20675
2.61	4.20197
2.615	4.19718
2.62	4.19239
2.625	4.18761
2.63	4.18282
2.635	4.17804
2.64	4.17325
2.645	4.16846
2.65	4.16368
2.655	4.15889
2.66	4.15411
2.665	4.14932
2.67	4.14453
2.675	4.13975
2.68	4.13496
2.685	4.13018
2.69	4.12539
2.695	4.1206
2.7	4.11582
2.705	4.11103
2.71	4.10625
2.715	4.10146
2.72	4.09667
2.725	4.09189
2.73	4.0871
2.735	4.08232
2.74	4.07753
2.745	4.07274
2.75	4.06796
2.755	4.06317
2.76	4.05839
2.765	4.0536
2.77	4.04881
2.775	4.04403
2.78	4.03924
2.785	4.03446
2.79	4.02967
2.795	4.02488
2.8	4.0201
2.805	4.01531
2.81	4.01053
2.815	4.00574
2.82	4.00095
2.825	3.99617
2.83	3.99138
2.835	3.9866
2.84	3.98181
2.845	3.97703
2.85	3.97224
2.855	3.96745
2.86	3.96267
2.865	3.95788
2.87	3.9531
2.875	3.94831
2.88	3.94352
2.885	3.93874
2.89	3.93395
2.895	3.92917
2.9	3.92438
2.905	3.91959
2.91	3.91481
2.915	3.91002
2.92	3.90524
2.925	3.90045
2.93	3.89566
2.935	3.89088
2.94	3.88609
2.945	3.88131
2.95	3.87652
2.955	3.87173
2.96	3.86695
2.965	3.86216
2.97	3.85738
2.975	3.85259
2.98	3.8478
2.985	3.84302
2.99	3.83823
2.995	3.83345
3	3.82866
3.005	3.82387
3.01	3.81909
3.015	3.8143
3.02	3.80952
3.025	3.80473
3.03	3.79994
3.035	3.79516
3.04	3.79037
3.045	3.78559
3.05	3.7808
3.055	3.77601
3.06	3.77123
3.065	3.76644
3.07	3.76166
3.075	3.75687
3.08	3.75208
3.085	3.7473
3.09	3.74251
3.095	3.73773
3.1	3.73294
3.105	3.72815
3.11	3.72337
3.115	3.71858
3.12	3.7138
3.125	3.70901
3.13	3.70422
3.135	3.69944
3.14	3.69465
3.145	3.68987
3.15	3.68508
3.155	3.68029
3.16	3.67551
3.165	3.67072
3.17	3.66594
3.175	3.66115
3.18	3.65636
3.185	3.65158
3.19	3.64679
3.195	3.64201
3.2	3.63722
3.205	3.63244
3.21	3.62765
3.215	3.62286
3.22	3.61808
3.225	3.61329
3.23	3.60851
3.235	3.60372
3.24	3.59893
3.245	3.59415
3.25	3.58936
3.255	3.58458
3.26	3.57979
3.265	3.575
3.27	3.57022
3.275	3.56543
3.28	3.56065
3.285	3.55586
3.29	3.55107
3.295	3.54629
3.3	3.5415
3.305	3.53672
3.31	3.53193
3.315	3.52714
3.32	3.52236
3.325	3.51757
3.33	3.51279
3.335	3.508
3.34	3.50321
3.345	3.49843
3.35	3.49364
3.355	3.48886
3.36	3.48407
3.365	3.47928
3.37	3.4745
3.375	3.46971
3.38	3.46493
3.385	3.46014
3.39	3.45535
3.395	3.45057
3.4	3.44578
3.405	3.441
3.41	3.43621
3.415	3.43142
3.42	3.42664
3.425	3.42185
3.43	3.41707
3.435	3.41228
3.44	3.40749
3.445	3.40271
3.45	3.39792
3.455	3.39313
3.46	3.38835
3.465	3.38356
3.47	3.37877
3.475	3.37399
3.48	3.36919
3.485	3.36441
3.49	3.35963
3.495	3.35487
