(title "X Velocity")
(labels "Position" "X Velocity")

((xy/key/label "outlet")
0	1.17768
0.00134902	1.17733
0.00266459	1.17631
0.00394756	1.17467
0.00519872	1.17248
0.00641887	1.16981
0.00760878	1.16671
0.00876919	1.16325
0.00990084	1.15948
0.0110044	1.15545
0.0120807	1.15121
0.0131302	1.14678
0.0141538	1.14217
0.015152	1.13732
0.0161254	1.13213
0.0170747	1.12661
0.0180005	1.1209
0.0189033	1.11513
0.0197837	1.10936
0.0206424	1.10359
0.0214797	1.09782
0.0222963	1.09204
0.0230926	1.08623
0.0238692	1.0804
0.0246266	1.07454
0.0253652	1.06865
0.0260854	1.06272
0.0267879	1.05677
0.0274729	1.05078
0.0281409	1.04476
0.0287924	1.03869
0.0294277	1.03259
0.0300472	1.02644
0.0306515	1.02025
0.0312407	1.014
0.0318153	1.00771
0.0323757	1.00135
0.0329222	0.994944
0.0334552	0.988473
0.0339749	0.981938
0.0344818	0.975337
0.0349761	0.968667
0.0354581	0.961925
0.0359282	0.955109
0.0363866	0.948215
0.0368337	0.941241
0.0372697	0.934185
0.0376949	0.927044
0.0381095	0.919814
0.0385139	0.912494
0.0389082	0.905079
0.0392928	0.897567
0.0396678	0.889955
0.0400336	0.882239
0.0403903	0.874415
0.0407381	0.866479
0.0410773	0.858427
0.0414081	0.850253
0.0417307	0.841953
0.0420453	0.83352
0.0423521	0.824948
0.0426513	0.816229
0.0429431	0.807355
0.0432277	0.798316
0.0435052	0.789103
0.0437758	0.779703
0.0440397	0.770103
0.0442971	0.760288
0.0445481	0.750241
0.0447929	0.739942
0.0450316	0.72937
0.0452644	0.718499
0.0454914	0.707301
0.0457128	0.695742
0.0459287	0.683787
0.0461392	0.671391
0.0463445	0.658506
0.0465448	0.645078
0.0467401	0.631041
0.0469305	0.616323
0.0471162	0.600841
0.0472973	0.584501
0.047474	0.567195
0.0476462	0.548801
0.0478142	0.529186
0.047978	0.508202
0.0481377	0.485691
0.0482935	0.461486
0.0484455	0.43536
0.0485936	0.407018
0.0487381	0.376204
0.048879	0.342824
0.0490164	0.30702
0.0491505	0.269221
0.0492812	0.23011
0.0494086	0.190465
0.0495329	0.150952
0.0496541	0.112002
0.0497723	0.073825
0.0498876	0.0364896
0.05	0

