(title "Velocity Magnitude vs. Curve Length")
(labels "Curve Length" "Velocity Magnitude")

((xy/key/label "outlet")
0	1.36288
0.00134902	1.36211
0.00266459	1.35997
0.00394756	1.35663
0.00519872	1.35218
0.00641887	1.34672
0.00760878	1.34034
0.00876919	1.33311
0.00990084	1.3251
0.0110044	1.31638
0.0120807	1.30702
0.0131302	1.29707
0.0141538	1.28658
0.015152	1.2756
0.0161254	1.26417
0.0170747	1.25234
0.0180005	1.24014
0.0189033	1.2276
0.0197837	1.21475
0.0206424	1.20163
0.0214797	1.18825
0.0222963	1.17464
0.0230926	1.16082
0.0238692	1.14681
0.0246266	1.13263
0.0253652	1.11829
0.0260854	1.1038
0.0267879	1.08917
0.0274729	1.07443
0.0281409	1.05957
0.0287924	1.04461
0.0294277	1.02955
0.0300472	1.0144
0.0306515	0.999167
0.0312407	0.983858
0.0318153	0.968476
0.0323757	0.953025
0.0329222	0.93751
0.0334552	0.921934
0.0339749	0.906301
0.0344818	0.890612
0.0349761	0.874872
0.0354581	0.859083
0.0359282	0.843246
0.0363866	0.827366
0.0368337	0.811444
0.0372697	0.795482
0.0376949	0.779484
0.0381095	0.763451
0.0385139	0.747387
0.0389082	0.731293
0.0392928	0.715173
0.0396678	0.699031
0.0400336	0.682868
0.0403903	0.666689
0.0407381	0.650498
0.0410773	0.634297
0.0414081	0.618091
0.0417307	0.601885
0.0420453	0.585682
0.0423521	0.569487
0.0426513	0.553306
0.0429431	0.537143
0.0432277	0.521004
0.0435052	0.504894
0.0437758	0.48882
0.0440397	0.472786
0.0442971	0.456799
0.0445481	0.440865
0.0447929	0.424991
0.0450316	0.409184
0.0452644	0.39345
0.0454914	0.377795
0.0457128	0.362228
0.0459287	0.346754
0.0461392	0.331381
0.0463445	0.316117
0.0465448	0.300967
0.0467401	0.285941
0.0469305	0.271044
0.0471162	0.256284
0.0472973	0.241668
0.047474	0.227204
0.0476462	0.212897
0.0478142	0.198756
0.047978	0.184787
0.0481377	0.170997
0.0482935	0.157391
0.0484455	0.143978
0.0485936	0.130762
0.0487381	0.11775
0.048879	0.104948
0.0490164	0.092361
0.0491505	0.0799946
0.0492812	0.067854
0.0494086	0.0559439
0.0495329	0.0442689
0.0496541	0.0328333
0.0497723	0.021641
0.0498876	0.0106958
0.05	0
