(title "X Velocity")
(labels "Position" "X Velocity")

((xy/key/label "outlet")
0	0.111265
0.00134902	0.111251
0.00266459	0.111216
0.00394756	0.111165
0.00519872	0.1111
0.00641887	0.111024
0.00760878	0.110937
0.00876919	0.110841
0.00990084	0.110735
0.0110044	0.110622
0.0120807	0.110501
0.0131302	0.110373
0.0141538	0.110238
0.015152	0.110096
0.0161254	0.109946
0.0170747	0.10979
0.0180005	0.109625
0.0189033	0.109454
0.0197837	0.109274
0.0206424	0.109086
0.0214797	0.108889
0.0222963	0.108682
0.0230926	0.108466
0.0238692	0.108239
0.0246266	0.108001
0.0253652	0.107752
0.0260854	0.10749
0.0267879	0.107216
0.0274729	0.106929
0.0281409	0.106628
0.0287924	0.106313
0.0294277	0.105983
0.0300472	0.105639
0.0306515	0.105278
0.0312407	0.104902
0.0318153	0.104509
0.0323757	0.1041
0.0329222	0.103674
0.0334552	0.103231
0.0339749	0.10277
0.0344818	0.102291
0.0349761	0.101794
0.0354581	0.101279
0.0359282	0.100746
0.0363866	0.100194
0.0368337	0.0996236
0.0372697	0.0990341
0.0376949	0.0984255
0.0381095	0.0977976
0.0385139	0.0971504
0.0389082	0.0964836
0.0392928	0.095797
0.0396678	0.0950905
0.0400336	0.0943639
0.0403903	0.0936169
0.0407381	0.0928492
0.0410773	0.0920605
0.0414081	0.0912505
0.0417307	0.0904187
0.0420453	0.0895647
0.0423521	0.0886879
0.0426513	0.0877877
0.0429431	0.0868632
0.0432277	0.0859137
0.0435052	0.084938
0.0437758	0.083935
0.0440397	0.0829031
0.0442971	0.0818409
0.0445481	0.0807462
0.0447929	0.0796169
0.0450316	0.0784503
0.0452644	0.0772431
0.0454914	0.0759918
0.0457128	0.074692
0.0459287	0.0733386
0.0461392	0.0719256
0.0463445	0.0704461
0.0465448	0.0688919
0.0467401	0.0672534
0.0469305	0.0655195
0.0471162	0.0636776
0.0472973	0.0617135
0.047474	0.0596114
0.0476462	0.0573545
0.0478142	0.054926
0.047978	0.0523104
0.0481377	0.0494961
0.0482935	0.0464775
0.0484455	0.043259
0.0485936	0.0398565
0.0487381	0.036298
0.048879	0.0326219
0.0490164	0.028872
0.0491505	0.025092
0.0492812	0.0213205
0.0494086	0.0175878
0.0495329	0.0139151
0.0496541	0.0103155
0.0497723	0.00679551
0.0498876	0.00335716
0.05	0
