(title "X Velocity")
(labels "Position" "X Velocity")

((xy/key/label "outlet")
0	0.118666
0.00134902	0.118663
0.00266459	0.118654
0.00394756	0.118637
0.00519872	0.11861
0.00641887	0.118574
0.00760878	0.118528
0.00876919	0.118473
0.00990084	0.118408
0.0110044	0.118333
0.0120807	0.118248
0.0131302	0.118153
0.0141538	0.118048
0.015152	0.117934
0.0161254	0.11781
0.0170747	0.117676
0.0180005	0.117532
0.0189033	0.11738
0.0197837	0.117217
0.0206424	0.117046
0.0214797	0.116865
0.0222963	0.116675
0.0230926	0.116476
0.0238692	0.116267
0.0246266	0.116049
0.0253652	0.115821
0.0260854	0.115583
0.0267879	0.115334
0.0274729	0.115066
0.0281409	0.114761
0.0287924	0.114405
0.0294277	0.113988
0.0300472	0.113496
0.0306515	0.112914
0.0312407	0.112227
0.0318153	0.111414
0.0323757	0.110458
0.0329222	0.109343
0.0334552	0.108058
0.0339749	0.106611
0.0344818	0.105032
0.0349761	0.103356
0.0354581	0.101615
0.0359282	0.0998316
0.0363866	0.0980211
0.0368337	0.0961941
0.0372697	0.0943573
0.0376949	0.0925147
0.0381095	0.0906686
0.0385139	0.08882
0.0389082	0.0869694
0.0392928	0.0851166
0.0396678	0.0832614
0.0400336	0.0814036
0.0403903	0.0795426
0.0407381	0.0776783
0.0410773	0.0758103
0.0414081	0.0739384
0.0417307	0.0720624
0.0420453	0.0701822
0.0423521	0.0682978
0.0426513	0.0664093
0.0429431	0.0645168
0.0432277	0.0626206
0.0435052	0.060721
0.0437758	0.0588183
0.0440397	0.0569132
0.0442971	0.0550063
0.0445481	0.0530981
0.0447929	0.0511896
0.0450316	0.0492817
0.0452644	0.0473753
0.0454914	0.0454715
0.0457128	0.0435717
0.0459287	0.0416771
0.0461392	0.0397891
0.0463445	0.0379094
0.0465448	0.0360397
0.0467401	0.0341817
0.0469305	0.0323374
0.0471162	0.0305089
0.0472973	0.0286984
0.047474	0.026908
0.0476462	0.0251403
0.0478142	0.0233974
0.047978	0.0216818
0.0481377	0.0199958
0.0482935	0.0183414
0.0484455	0.0167204
0.0485936	0.0151344
0.0487381	0.0135844
0.048879	0.0120708
0.0490164	0.0105939
0.0491505	0.00915305
0.0492812	0.00774765
0.0494086	0.00637666
0.0495329	0.00503901
0.0496541	0.00373358
0.0497723	0.00245931
0.0498876	0.00121511
0.05	0

