(title "X-Wall Shear Stress")
(labels "Position" "X-Wall Shear Stress")

((xy/key/label "outlet")
0	0
0.00134902	0
0.00266459	0
0.00394756	0
0.00519872	0
0.00641887	0
0.00760878	0
0.00876919	0
0.00990084	0
0.0110044	0
0.0120807	0
0.0131302	0
0.0141538	0
0.015152	0
0.0161254	0
0.0170747	0
0.0180005	0
0.0189033	0
0.0197837	0
0.0206424	0
0.0214797	0
0.0222963	0
0.0230926	0
0.0238692	0
0.0246266	0
0.0253652	0
0.0260854	0
0.0267879	0
0.0274729	0
0.0281409	0
0.0287924	0
0.0294277	0
0.0300472	0
0.0306515	0
0.0312407	0
0.0318153	0
0.0323757	0
0.0329222	0
0.0334552	0
0.0339749	0
0.0344818	0
0.0349761	0
0.0354581	0
0.0359282	0
0.0363866	0
0.0368337	0
0.0372697	0
0.0376949	0
0.0381095	0
0.0385139	0
0.0389082	0
0.0392928	0
0.0396678	0
0.0400336	0
0.0403903	0
0.0407381	0
0.0410773	0
0.0414081	0
0.0417307	0
0.0420453	0
0.0423521	0
0.0426513	0
0.0429431	0
0.0432277	0
0.0435052	0
0.0437758	0
0.0440397	0
0.0442971	0
0.0445481	0
0.0447929	0
0.0450316	0
0.0452644	0
0.0454914	0
0.0457128	0
0.0459287	0
0.0461392	0
0.0463445	0
0.0465448	0
0.0467401	0
0.0469305	0
0.0471162	0
0.0472973	0
0.047474	0
0.0476462	0
0.0478142	0
0.047978	0
0.0481377	0
0.0482935	0
0.0484455	0
0.0485936	0
0.0487381	0
0.048879	0
0.0490164	0
0.0491505	0
0.0492812	0
0.0494086	0
0.0495329	0
0.0496541	0
0.0497723	0
0.0498876	0
0.05	1.08132e-05

